,F1,F2,F3,F4,F5,F6
F1,1.0,0.0035982978553785474,-0.4865772283729026,0.02447452333309241,-0.03849982234208527,0.1491563385646932
F2,0.0035982978553785474,1.0000000000000002,0.12266844825969793,-0.06484040739418619,-0.06625405145810535,0.14574751425427543
F3,-0.4865772283729026,0.12266844825969793,1.0,-0.16016221506160758,-0.06538085189024852,-0.059939758313549356
F4,0.02447452333309241,-0.06484040739418619,-0.16016221506160758,1.0000000000000002,0.10690847274349938,-0.05593763346468872
F5,-0.03849982234208527,-0.06625405145810535,-0.06538085189024852,0.10690847274349938,0.9999999999999999,-0.04458137942398544
F6,0.1491563385646932,0.14574751425427543,-0.059939758313549356,-0.05593763346468872,-0.04458137942398544,1.0000000000000004
